9885226 -9079081 -20405581 -10947581 -17440784 -8987866 -10728009 -9057736 -13282050 13804566 12078128 -9064393 -9495196 9864471 18472408 0
1780581 -10992446 -18191681 -11753621 -8169860 -8795491 -10944734 -11390803 -14879680 14528761 4428329 -8813326 -10612074 15008521 -4203220 2
6714146 -10292876 -20471100 -11494887 -13882175 -8669822 -10907051 -10854515 -14334180 14974722 13648665 -8644491 -10556978 13220628 12560581 0
14445951 -3795124 -11127601 -9135445 -16558820 -8713036 -9656884 -3834514 -9860869 9320316 8590986 -8685076 -6047660 4491846 19833163 0
8921679 -9745893 -15556062 -10615501 -14398601 -8845000 -10408538 -9634910 -12547415 13449979 12317289 -8851474 -9801160 11304741 14690949 0
-23709435 -9341883 4453666 -3640721 3572159 -8789599 -5265153 -9040409 444991 -10205935 3543052 -8807963 -9210979 6831204 -18252964 1
9845073 -308800 -7709 -4354568 -12684634 -8486577 -6592946 -504743 -1971455 3416153 2738981 -8583650 -3348883 -4791455 15240712 0
16911162 17600768 18843661 10308712 7233343 19417950 11043681 18490872 11446236 -27202700 -21822763 19435680 18240698 -19129572 17023108 3
-10592327 -10528725 -13704905 -11331700 -11014558 -8726754 -10620755 -10353517 -13978808 2128609 14582865 -8719994 -9855063 13392535 -17196091 2
5854157 -7167182 -6938507 -8532031 -14926117 -8517188 -9088661 -7251828 -8709042 8092589 7599084 -8487841 -7975709 4929399 13943957 0
19337936 23261738 21314214 34647861 29356569 24788883 36030047 24129392 32769166 -24902306 -26746789 25073638 25173438 -30230206 19182585 3
-2235143 -10619412 -30178874 -12071034 -13413397 -8737848 -11347104 -11131070 -15561364 14121982 14080080 -8748120 -10595807 16483003 -121822 0
-36045442 -9692789 1377328 -6117524 -3568394 -8755456 -7044616 -9662969 -3943355 -13523884 6444671 -8549802 -9661376 7595310 -21672137 1
3496465 -10222948 6496420 -8587289 2519169 -8055503 -7841014 -10339354 -8172141 22255906 11850650 -8192372 -9216627 11485414 -22170233 2
10044845 -7673285 -16866903 -10389440 -19097300 -8529795 -10402488 -7642889 -12170529 11843481 11107858 -8510378 -8493052 8517860 14253955 0
5299233 -9895146 -10309369 -10814295 -9637157 -8346235 -10249479 -10473781 -12825006 9737278 12036000 -8343472 -9877195 13295629 -2576905 2
9520720 -10389106 -11605312 -10501883 -12299632 -9036617 -10172564 -10695789 -12212060 13181905 12879065 -9040081 -10406851 13367299 5574211 2
9687749 -2910381 -3488875 -6645241 -16951989 -8734875 -8014147 -2546131 -5635893 6315207 4853478 -8624872 -4806078 -1326959 18965463 0
-26235066 -11021097 9695245 -7606301 5863469 -8869478 -6781723 -11728935 -5905641 -6892899 10889238 -8890321 -10937119 13733578 -26673150 1
-28062063 -10335069 8538266 -3783375 7184220 -8853093 -4356381 -10417573 949411 -8225916 4630868 -8764501 -10150559 9798388 -20171740 1
17767511 77783912 22022986 65732677 38827122 77491445 65125112 75201553 55109329 -25432211 -35375325 77116171 77085105 -56579106 21154383 3
10233249 -10323970 -35556045 -12108874 -18729844 -8903616 -11470288 -10626278 -15660980 15955264 14665992 -8929283 -10325551 17570090 9240758 0
10290582 -9117904 -21860007 -11141212 -17370276 -8890458 -10840397 -9196675 -13650016 14633544 12636121 -8957593 -9628546 11553886 17787402 0
-26487581 -9043504 -6913348 -9025234 -12861352 -8542271 -9272589 -9066319 -9492376 6489679 8856782 -8569585 -9250967 7538984 -12729813 1
-7977116 -10066298 3977772 -6809941 198888 -8770719 -7004359 -10695633 -4814645 -2352110 8173545 -8748718 -10338015 10416791 -18052631 2
11185720 -10242657 -22424618 -11597291 -15900068 -8981391 -11001731 -10372742 -14552699 14747804 13750745 -8988093 -10049128 14711822 15189574 0
18361150 22203289 20286099 8999638 11329277 23034298 11034451 22423103 10164322 -23301120 -19659760 23472220 23776005 -19098957 19534139 3
-17446346 -7840788 7028236 1038873 5376659 -8671672 -2275744 -7315569 7009346 25063127 -424245 -8707763 -7999045 -863033 -19040654 1
6612504 -10590654 -37650614 -12217949 -19426243 -9019276 -11535824 -10901472 -15911482 15451173 15343812 -8992275 -10393739 18010433 12110908 0
10517070 -6232101 -10018294 -9127842 -17623419 -8948383 -9564812 -6010835 -9874585 9517106 8228922 -8833523 -6978112 4890369 18939883 0
15744863 -5114907 -9618969 -8977057 -18316543 -9002008 -9482570 -4906331 -9621151 9551893 8039590 -9163687 -6485873 3221208 20823090 0
17172822 21479738 21584298 42450765 40028125 23088757 43624520 22417207 38995242 -25239193 -31636262 23164871 23436498 -34237252 19190105 3
-13819387 -11049138 8172676 -6839081 6997627 -9063112 -6425049 -11335425 -4582295 10832740 9790477 -9114651 -10674847 11754071 -26854177 1
18153659 20749963 17531950 1381955 5483254 22283617 2453662 19947590 3301827 -19098600 -5787531 23023298 22038512 -18262032 17094471 3
6292624 -9440716 -14469872 -10886449 -14285600 -8579176 -10459600 -10139968 -13090567 10761632 11593334 -8507699 -9847480 11639200 -3007805 2
13680088 8530072 20538394 6103651 13430012 10606447 8430072 9710694 7341555 -26509516 -32025247 10574015 10889357 -12227968 15006872 3
2551367 -10298408 7346439 -6182067 4741846 -8506297 -6110372 -10828914 -3438763 19507947 7890622 -8408668 -10254773 11544327 -23381289 2
-23067506 -10753437 14551655 673036 31556771 -8927819 617897 -11475596 9847725 -2387366 4910539 -8964945 -10757922 12267718 -27464101 1
6163862 7898553 15924975 -2701811 -758197 9711947 -1652889 9037703 -2516539 -25229215 -12909233 9764039 9410542 -7503914 10280369 3
11895644 -6749318 -10847922 -9396721 -15725889 -8567198 -9717522 -6837740 -10325021 9665516 9058076 -8507335 -7825362 6086226 18163265 0
-232830 -8273594 -3342464 -7627826 -10733412 -8400325 -8359372 -8568554 -6995530 6568222 6373816 -8438732 -8441825 4834553 8576073 2
19176574 38447007 20443159 12447801 13512835 40166853 14420115 37089463 14505929 -16595950 -14221639 41446776 39894240 -31552721 21440318 3
13664822 22482613 22227811 54262371 41887334 24396045 56143418 22960621 49670484 -27322563 -35001271 23904727 24642187 -33953558 17414026 3
-11317089 32861 6680616 3528730 -6740249 -7884368 -1410245 1121875 9230746 -5899106 -2837655 -7785275 -1767252 -10485204 870258 1
14243667 10788579 21937549 26215046 32559317 13333095 29479498 11917848 28153746 -22128279 -23150783 13868953 13802863 -23682942 14930111 3
11933741 7742934 19339908 9488602 19043781 10080812 10731812 8977238 12895189 -18783645 -10389066 10346846 10650876 -16552724 10337101 3
15314491 35494558 20252561 52503175 29490860 36810476 47485012 34671912 48717967 -25062727 -35326651 35050288 32589954 -32185547 20121111 3
15671234 9458826 17062701 1695696 2920652 10897467 2517655 10820458 2903503 -25177396 -10380467 10915511 11074442 -14013837 14650616 3
-21468692 -11361513 15097717 -5991366 22884828 -9035633 -4690272 -11810168 -2763397 5019760 10075215 -9035265 -10946714 12667790 -25297497 1
-27012930 -11432820 13532911 -7531896 8716822 -8958512 -6255694 -11850712 -5766535 1543206 9062457 -8993288 -10995887 13308477 -24200403 1
8838434 -3138925 -1064237 -5524797 -14627144 -8543805 -7220695 -2767556 -3827510 4811807 3614459 -8257051 -4950487 -3073495 10346240 0
11418572 -9470912 -23313428 -11305973 -17642768 -8810853 -10939209 -9771174 -13958168 14855143 13124957 -8879865 -9828819 13453759 17391040 0
-11615289 -8022629 -5609947 -8322704 -10375570 -8832870 -8880344 -7729393 -8459472 6189983 6897771 -9075475 -8259754 2769699 -1879235 1
1132545 4466558 22283108 31031709 41737376 6803519 34791522 6077063 33721372 -6264232 -32602102 6834881 7582348 -16257340 -4706062 3
19269946 30655457 20946368 38803152 27531152 31414060 38738526 30829453 35384088 -26145736 -35864363 31184825 30869765 -38447465 21098340 3
-4587073 -10039054 -2714893 -9063330 -6377709 -8645739 -8941299 -10550510 -9325077 6423466 10420736 -8635856 -10049707 10120621 -5091414 2
-24522104 -11334499 14218429 -3443899 20476432 -9332591 -2722249 -11745671 2365650 33364217 9353594 -9330731 -10894481 12034155 -26916544 1
-14199988 -10530709 10915792 -8368824 5304207 -8600067 -7245982 -11289711 -7687295 18615319 11731435 -8506398 -10546801 12213621 -26968779 2
17010788 17087921 22041658 20474355 27124714 19581240 24033904 17803945 21621811 -23586362 -28959826 19527374 19684254 -23612711 19282038 3
15870623 6125302 17347563 -1757822 2411399 8484288 -403877 7534724 -1667044 -22997499 -35225244 8355726 7830722 -8213889 13250900 3
4407520 -10362903 -9034956 -10710331 -8970642 -8835176 -10142888 -10904135 -12642130 -3360816 11626334 -8800165 -10219019 12009231 -7760955 2
14506727 8943128 19570492 7971941 18529121 10752716 9532742 10207803 10262761 -23666297 -13591458 11234444 11440860 -17103441 13676296 3
17283346 34482233 19520663 20361640 13242115 35733573 20382533 34589755 20431924 -25539198 -24005650 35936279 33645988 -29806583 15067915 3
2136824 -10574234 -31986973 -12070377 -17618981 -9096530 -11385587 -10845202 -15586682 14487064 14944168 -9206111 -10469913 16606879 7288071 0
-20720556 -10125977 -1077853 -7881346 -4783831 -8828084 -8206998 -10130969 -7130203 143011733 8549026 -8824042 -9981461 9366510 -25763533 1
15505898 -8942630 -14035009 -10486187 -13570518 -7977966 -10288496 -9640859 -12252404 14818214 12129248 -8170821 -9565900 10582984 600752 2
11119490 15336856 5756683 2174240 -11853096 -7872511 -2377115 13639336 7074788 197682 -2421671 -7820631 7047805 -14643459 19845313 0
-12779811 -7997923 -961415 -6676539 -10037519 -8460118 -7653876 -8039646 -5359259 8315351 4836168 -8587469 -8504005 4881432 -6643781 1
17332892 13216669 19825805 8329184 12325017 14330315 10052194 14110078 10154521 -20062761 -15903769 14646509 15366339 -18465031 18672848 3
-568744 374764 16972218 4747873 15458276 1875382 5026979 2301690 8450016 -14838140 -7622259 2062209 3179515 -5154746 -10277529 3
-14604553 -11296978 18325020 -2489476 27025784 -8973793 -787043 -11850238 4334967 10826530 7442448 -8975416 -10992705 13101922 -28610527 1
-19510110 -8427327 -2427928 -7380682 -7899424 -8661493 -8146418 -8169204 -6552906 -688347 6182659 -8518195 -8481774 4333979 -10652591 1
14219760 -10154268 -24104553 -11565682 -14165481 -8939306 -11040971 -10432471 -14498174 15124835 13775920 -8934875 -10273819 13821368 17174836 0
-2887882 -10562230 6864908 -8009807 438481 -8782368 -7399474 -10739850 -6994483 -9508272 11446143 -8772686 -10103820 11662615 -19681274 2
-5722954 1762222 7031945 4249072 -6369531 -8117136 -945878 2115073 10070592 1504216 -3394773 -7854024 -1196000 -13014332 4064673 1
-33246008 -8945924 -73215 -6467554 -5091023 -8785899 -7431489 -8580694 -4855302 -8674651 5388100 -8762384 -8894007 5003513 -15671021 1
10470934 3175222 19756277 11749045 18849858 5447785 13129029 5227734 13666286 -26073830 -22048536 5504567 5731982 -13324229 9792615 3
-1543115 -5425233 2530509 -3204966 -4003645 -7664623 -5559710 -4044195 69238 1594373 2216148 -7736086 -5186956 -1779777 1129927 2
-11721852 -8925517 3602315 -4279228 -651455 -8595592 -5764187 -8659947 -894901 -3221498 3827226 -8560462 -8856989 3674096 -21179443 1
-28147008 -10501343 2379618 -8048595 -1879587 -9123207 -7912508 -10728742 -7291424 4570814 8229918 -9062024 -10420201 11318607 -27505446 1
3086335 5017893 16651697 5707613 15748283 6347540 5609874 6590742 9162716 -19818837 -7479105 6643989 7428106 -11173505 -3018185 3
7775780 -6488726 -6394872 -8163638 -15877679 -8536907 -8903269 -6142618 -8132892 8002187 7008512 -8499876 -7247533 2927562 18067053 0
14743457 -4567156 -12462863 -9613432 -17951812 -8828328 -9903062 -4391737 -10769116 9826480 8933960 -8776461 -6209203 4991554 19561822 0
-8370052 -5482622 821754 -4623233 -11103500 -8465651 -6513122 -5377058 -2246218 4203810 2746266 -8472101 -6573595 -1460057 6604228 1
-60920338 -11118888 -11069357 -11479033 -8072866 -9155309 -10607474 -11523295 -14248741 -11069214 15908218 -9148139 -10630186 13531309 -27603464 1
14603945 -10196744 -32072366 -12023496 -18051466 -9209594 -11375113 -10150380 -15507405 15669447 14268707 -9195462 -10103447 16380553 17633534 0
12687909 -9971002 -15991398 -11217841 -10681345 -8497823 -10651411 -9944214 -13736675 25753237 12758640 -8592540 -9544384 13676142 -11964479 2
18803440 45417226 21720228 65945864 41398691 46203850 63897087 44935346 55021712 -25321143 -35061109 46007038 45753116 -50590951 21084463 3
-25597221 -2129005 3747040 -1024433 -9362444 -8338178 -4364787 -1914519 3118878 -2294181 269629 -8288514 -4182263 -6714390 -1823478 1
13550498 -10195621 -22475702 -11606122 -14613135 -8514241 -11006236 -11005399 -14558287 14306863 14576212 -8550475 -10543816 14711678 5829406 2
-5422989 -11233359 2215955 -10560416 3303829 -8958526 -9521795 -11441202 -12203477 16522032 14033773 -8999428 -10632524 14011493 -13734546 2
-10112485 -4611676 2978988 -1962399 -5579220 -8550813 -4959233 -3827040 1771147 289272 1144331 -8529015 -5629730 -4364579 -156889 1
18301015 35808812 21925752 55340202 41871607 37081919 55944296 35666802 48417709 -26744039 -35976071 36861707 36886213 -42035971 20778802 3
18066492 11083825 19564677 8134943 10343806 12623880 9678024 12576763 9045295 -25393739 -19376895 13179996 13300265 -17236269 18080724 3
-34915883 -11106923 8662961 -8603430 243264 -8936605 -7648873 -11718363 -8020688 2728219 13267120 -8970251 -10889475 13674633 -24410393 1
-20228956 5290940 6509189 3160359 -9826692 -7880234 -1639097 5263710 8499422 -1150623 -2935840 -7542178 1168813 -14268418 5706129 1
-637421 -8310913 -1980389 -7388086 -9563513 -8448753 -8092900 -8386359 -6506809 6370601 6857887 -8409276 -8685203 5183144 -10351993 2
-32549091 -8960211 3681803 -5010876 -2639413 -8563031 -6099017 -8791295 -2125160 -1118108 4305186 -8581175 -8819498 6081189 -18834605 1
5700503 -4376408 -3441719 -6843278 -15639057 -9082362 -8076417 -3960155 -5955556 6524023 4828552 -8936361 -5817214 -223179 18486289 0
-37208876 -10755700 8038720 -8389801 -1157443 -8656866 -7549061 -11440896 -7670809 -8106285 11243954 -8658492 -10743035 12657235 -26919234 1
-19940408 -8833639 -2350274 -7409045 -6188764 -8709081 -8148354 -8893300 -6420148 201834 6607878 -8601509 -9213969 7388068 -8353500 1
17930949 16892707 19855272 3535278 9681874 19287171 5546466 17020813 5047424 -15974342 -13177122 19432977 18993721 -16804409 20272083 3
15174575 12082392 19505636 23045554 19729676 14357811 22601973 13652722 24162035 -20318389 -22959855 14500863 13436163 -24673905 3482836 3
-6805542 -10929619 -18652716 -11770291 -10136957 -8873274 -10964135 -11301767 -14929953 14038428 11674357 -8905714 -10507472 14131478 -9243752 2
16660382 33205824 12806406 13952693 9898060 23484111 7870599 39290702 19339133 -8319298 -9097454 24147128 34274500 -25309538 18349468 3
-2173220 -11156452 11517273 -8258235 14002222 -8662370 -7094506 -10477913 -7612336 15908618 4369007 -8703692 -9706081 12418548 -17342436 2
10892131 -847704 -228449 -4738024 -14422690 -8413064 -6775272 -658238 -2577364 3766023 2875273 -8373401 -3481289 -3667714 15303486 0
9387407 -3439860 -1506146 -5646072 -14564360 -8540601 -7343742 -3316445 -3968850 4773511 3874859 -8547364 -5113538 -2519799 8829461 0
7455593 -8197240 -9490961 -9377927 -15898727 -8704905 -9609626 -8433802 -10239265 10361481 9179596 -8587438 -8866819 6690605 16228883 0
-27910493 -9822915 6039561 -4916718 718584 -8397424 -5578064 -10444849 -1431011 -9934915 5050914 -8412947 -10151189 9157288 -27490728 1
-5098137 -10778987 3117970 -8191911 6474567 -8919951 -7918302 -11023397 -7367900 -5484315 10362598 -8943981 -10555115 11334829 -19874056 2
-55245717 -10481968 -25838037 -11898625 -17292201 -9043283 -11194103 -10744248 -15202473 -18639139 13225462 -8986313 -10351631 16346529 -25348803 1
16850380 14638399 18242559 -1508059 4239394 16383216 108151 14576283 -805038 -23516574 -14607511 16665534 16136490 -6885959 19027894 3
-6621985 -4420938 2115902 -3287998 -9862927 -8343099 -5698816 -4095570 -166259 2880589 1748325 -8591767 -5659622 -3770637 11022450 1
3372973 -10202527 -34484314 -12091572 -19372575 -9141377 -11443921 -10485474 -15655764 13055739 14751523 -9072125 -10118163 17126666 1457284 0
15115451 42301883 20537455 58377667 30634331 43242520 52920651 40986907 52562456 -25365586 -35358724 41424706 38942470 -35561875 20866677 3
13932652 15272272 2010633 -2536455 -17081993 -8003425 -5451018 13004229 573019 2549529 947295 -8306203 6146690 -9438235 21091558 0
-12054975 -7077679 -199973 -5430217 -8745441 -8494539 -7026810 -6828729 -3369721 1810317 4193714 -8516364 -7644728 483502 400914 1
5500188 10033468 16065184 4290536 11310147 11663943 4141344 10581152 7793158 -12958577 -6305817 11825881 12068053 -12889640 9755673 3
17680305 55296920 20033560 48232062 23394268 56967413 43564960 53580628 43511572 -25356339 -37726919 55152853 50011168 -47575623 21070422 3
5280480 -9898011 -4204614 -10053078 -7765847 -8138240 -9556154 -9277837 -11349133 8826192 13143442 -8104719 -8801546 10722357 -4728798 2
16570817 14623383 19390107 3283219 7549730 15744152 5064074 15257020 3825042 -26193910 -27901447 15989171 16141850 -10384713 11611428 3
5124142 -10604757 9076909 -5663642 8888259 -8846632 -5471666 -11327770 -2150000 20271716 10307854 -8847135 -10661105 12855987 -18612454 2
4913250 -6839068 -7089939 -8547174 -15043922 -8624635 -9108566 -6535129 -8792863 8507129 7136237 -8593946 -7448779 4253487 16714215 0
-949824 -9786438 1536218 -7179505 1456552 -8399585 -7540225 -10099093 -5860439 16278496 7463673 -8482088 -9824199 8249252 -22808634 2
-19820690 -10800990 -3406406 -10592758 -6062267 -8986369 -9815393 -11533942 -12317103 69640956 12458560 -9006971 -10742600 12101456 -23696785 1
10833587 -9517726 -15066890 -10651729 -15080956 -8780711 -10398052 -9901733 -12655029 12451778 11336220 -8733623 -9839168 9921267 16185252 0
-29361054 -9729266 -2857421 -7787604 -5697993 -9072933 -8368021 -9569967 -7154293 -6149761 7288662 -9084207 -9561876 7193880 -16358603 1
-13614708 -8526000 6099557 -1396818 4692365 -8540345 -3739464 -8525752 3624804 16192875 1562234 -8539870 -8756270 1859608 -23606789 1
19473680 19656812 19416048 3971569 7635175 20670241 5724073 20266397 4274575 -26267538 -24045947 20904184 21174675 -12689921 19006488 3
8787738 -10411464 6365453 -8115624 -631211 -8832394 -7526343 -10878249 -7139493 22331889 10841638 -8762465 -9751770 11923744 -17655197 2
6215358 -1699370 4150211 -371094 -6317939 -8233852 -3981362 -837611 4002796 32888829 -110022 -8394093 -3332936 -7841827 2879834 2
-974320 -10764089 -8524624 -10920243 -7999561 -9205038 -10225382 -11117932 -13043214 8706178 14183100 -9236400 -10421253 13496871 -11222568 2
18375625 28871279 21097624 29659809 22402532 29657628 31112206 29295450 27228091 -26367365 -35474419 29711873 29806111 -31845774 21177175 3
-17394637 -10510462 -3785212 -9643372 -4154789 -8706445 -9315497 -11040185 -10385781 -12490310 11829420 -8721657 -10471572 11785997 -22828007 1
12496055 -9625714 -36310028 -12091211 -19906734 -9125486 -11482298 -9619981 -15638845 15119634 14506489 -9152974 -9756816 18040829 16582939 0
7134328 -10088382 -16966152 -11119681 -15503799 -9128387 -10649165 -10117858 -13583400 13818086 11688186 -9053474 -10085171 11571378 14074063 0
-7506923 -7585143 -5659167 -8190967 -12766272 -8555171 -8835895 -7656620 -8119342 7630065 7091956 -8448783 -8202567 4197722 5523942 2
10142109 -8501064 -12538755 -9767871 -17097150 -8897524 -9957087 -7970416 -11011226 10946449 9615013 -8921841 -8605138 6440332 18930149 0
5468032 -10815589 -1035670 -10587525 -1394050 -8456722 -9697839 -10322877 -12406498 18803599 10825851 -8492209 -9587711 11795334 -10917179 2
17185683 17539726 21259030 28834924 28225439 18811777 30682772 18762441 28054258 -25179307 -28651930 19563970 19842938 -24368031 18761515 3
9360335 -5520728 -6363979 -8135864 -15993178 -8594921 -8890299 -5459343 -8115598 7806793 6642661 -8587625 -6612614 2602330 18134569 0
2666581 -5296808 -17279339 -10423980 -19124535 -8938237 -10433908 -5078775 -12293803 12035600 10684474 -8926872 -6995531 6606417 15586249 0
12416971 -6669465 -14654499 -9975527 -17250616 -9086464 -10155786 -6616859 -11400205 11438233 9943550 -8921297 -7836897 6550876 20651747 0
15203748 -10502473 -18663284 -11676041 -12461349 -8499314 -10924402 -10705986 -14696963 19258545 14426698 -8541716 -9909644 14118126 943042 2
17271813 37083143 20713439 49514557 44731343 38064440 46804376 36088540 46088243 -26093513 -35886942 36372852 34989291 -27889582 20783412 3
14673820 13798226 20518402 8275706 11768958 15860155 10521038 14811542 9277827 -24853097 -26801679 15949666 16017948 -14684379 15157710 3
13164865 -9468649 -38099074 -12086894 -20746093 -9095390 -11519221 -9529601 -15625195 15671006 15174846 -9074870 -9684715 18481450 12712626 0
4518788 23745493 9499916 11129094 -5743093 -5392661 3415477 22562896 18021539 -5731184 -7523977 -5890464 14328342 -21628685 14511213 1
13468312 10594621 19815635 19238816 20279731 12731608 19827206 11763525 20716353 -7886643 -37621807 12830578 11537579 -21472737 2173149 3
-2452676 -7988796 -3498118 -7830965 -9816416 -8286008 -8459551 -7881234 -7398054 6468249 6934848 -8256547 -8038818 4916694 7394381 2
-5929540 -10740280 8946632 -9972800 -2084196 -8516238 -8706670 -11040707 -11063097 17603081 4187025 -8560797 -10164876 12544415 -15419215 2
-40537010 -11124819 -7662872 -11224371 -7276036 -8856618 -10355291 -11647840 -13646105 -10524035 11884344 -8829786 -10844637 14762235 -22701813 1
2715425 -10244875 -7464547 -10597300 -8345516 -8923902 -10013213 -10093761 -12424365 11232387 13374333 -8886640 -9604667 12641569 -5898940 2
-13563334 -10163300 7874884 -2261242 7949299 -8857773 -3635786 -10151639 3487603 6384547 3918635 -8803477 -10007044 9222482 -25568986 1
20796795 43750040 18924140 14370999 14992435 44863047 14596322 42976620 17078639 -15758526 -12417382 45666157 45306827 -29456951 20197834 3
-22401364 -5612986 -1013459 -5678574 -10630728 -8992527 -7268083 -5468368 -3972658 4777643 3842101 -8997399 -6429609 -177616 -2385418 1
12114684 2223963 -1059732 -5182269 -16308894 -8627025 -7097986 1914235 -3325994 5151027 3211404 -8511593 -1767013 -4313276 20441964 0
16457624 23814221 20773327 54070051 37221134 25378401 50574290 24629548 47872679 -24939883 -35040436 24626374 24080102 -38530578 16721736 3
-23939944 -10668044 397585 -9158292 207274 -8720282 -8739427 -11200428 -9272110 -7307916 10071856 -8791889 -10647029 13146376 -23798349 1
19868287 62019948 20169777 19827388 12264494 61306206 20822357 60762361 19082248 -22411462 -20838602 61966211 61140093 -35723728 21579971 3
13661311 3843898 17401211 -167305 7498193 6014985 1035279 5141601 1556256 -23379074 -6701214 6073359 6371246 -9353860 7439736 3
8911818 749084 2883796 -2242798 -11830516 -8014903 -5092192 517627 1087787 2494796 649794 -7970429 -2415350 -8601424 13951592 0
8535840 -10032799 -26610454 -11600919 -17904900 -9286264 -11124883 -9881511 -14582684 15233528 12944970 -9278570 -10135584 15261882 13898611 0
15065213 34370466 21992969 61091966 43509307 35468581 61107649 34255892 53375741 -24616630 -35383660 35574408 35691709 -41114979 12648300 3
10036692 3286419 20290567 10981524 23606822 5315961 12905434 5141033 13544036 -24770871 -17044514 5650528 6251040 -14181726 10571270 3
7982977 -1286142 -1487401 -5667026 -15100285 -8637003 -7347861 -1479467 -4088665 4849633 3650370 -8558867 -3811188 -3448379 17386016 0
-13080227 9264991 8309223 7863043 -7376585 -7338562 1228757 9650360 14404306 -5902840 -5597786 -7646727 4517393 -17694519 3632773 1
17396854 53979204 22858759 55235280 42525549 56831250 59400568 51968228 50012636 -23108267 -31756087 56854043 56089545 -48447537 20959837 3
-11601143 -2942294 40832 -4910742 -12420471 -8169723 -6783239 -3057555 -2791991 3803401 3021425 -8165186 -5005423 -3357469 7365139 1
19403242 35862814 21221501 34017938 31104934 37717855 35258359 36924099 32508014 -22831095 -22005971 38386492 38823279 -42675710 19523504 3
-6156091 -9884703 -31473133 -12075808 -18593466 -8913650 -11376100 -10362418 -15632586 14744504 13860837 -8946026 -10089226 16804580 2939842 0
-3931134 4585665 7180889 4696964 -6283522 -7497651 -691393 4854395 10606626 -4571652 -3755158 -7405715 898179 -15037042 8242039 1
7172684 -5959761 -3375642 -6876290 -15042549 -9001701 -8078843 -5434213 -5965259 5202918 5144744 -8955279 -6787799 140219 12204769 0
1954391 -10644319 7517816 -8546447 -202029 -8595574 -7714788 -10201375 -8095471 18493058 12136852 -8696024 -9297085 12311389 -16448818 2
-12544138 -9048170 -3858082 -7836035 -12110930 -8667622 -8502680 -9206846 -7268598 2842662 7061772 -8645673 -9310109 7549935 -6432447 1
-12750553 -11225360 16494846 -6246970 22546163 -8991788 -4692517 -11724164 -3246306 5311182 8174930 -8970064 -10931643 12518125 -22316965 1
7073477 -10144724 7276182 -6924412 6932187 -8530404 -6609336 -11029064 -4868847 25983350 9643864 -8543839 -10384434 11987158 -20170932 2
-3468530 -9607545 -27539961 -11706006 -17725417 -8992373 -11179548 -9798185 -14813208 13235224 13394496 -8906706 -9985708 14939902 7958510 0
-5649738 -10706001 8564720 -7978722 1138637 -8707087 -7190536 -9615314 -7209975 7328486 11659195 -8699828 -8993894 10654425 -26614413 2
5874523 -9302765 -12336363 -10242307 -12378201 -8595936 -10109416 -8784403 -11835173 9833725 11016708 -8579352 -8699114 9217152 -4466340 2
-12733859 -10840808 -8991014 -11287836 -9015806 -8800497 -10437094 -10720231 -13906715 8383484 15555389 -8713722 -9959037 13275023 -20503734 2
17330261 48903169 22496368 64337249 44034779 50422045 66098969 47522232 56380041 -25262181 -33889710 50543179 50355508 -45107754 21414392 3
10664668 -9639419 -15104456 -10526743 -13467554 -8775339 -10356166 -9891830 -12345200 12191069 11725433 -8831717 -9750174 10254667 9961942 2
17029817 24429275 21646342 43846293 39146567 25469957 45030236 25041066 40171341 -25431291 -33522016 25980291 26132680 -34804052 19688769 3
-4758843 -11112916 12214628 -6904677 10827991 -8922252 -5904007 -11568499 -4583041 16294685 9498235 -8918398 -10777929 12572450 -18623722 2
12945426 14568315 20325848 34844094 33602201 16655423 33907280 16328546 33059358 -25415384 -27964465 16443081 16235836 -27400589 11419959 3
376603 -10115078 -811244 -10372761 -4195495 -8332750 -9550887 -10519604 -11932891 5152911 12298567 -8280021 -9603130 12400310 -12729884 2
-38113601 -11062611 -2120644 -10755436 -5122580 -9258789 -9854396 -11524394 -12667574 -10400332 13456456 -9220669 -10838793 13221890 -26855531 1
18686337 24880625 19112320 14635273 9528083 26462962 15022289 25068527 15742746 -26580691 -27530693 26582853 24403739 -22990837 21049791 3
-3089731 -10608567 11667208 -7978477 4948164 -8593347 -6848319 -10203985 -7035850 14131128 -3487417 -8710924 -9243960 11142793 -21693163 2
-35476971 -10211041 9948660 -3172076 8923970 -8638828 -3614823 -10472450 2127257 -5795745 3446543 -8675224 -10079871 10419805 -26721446 1
17722282 35966230 22597357 59488368 47702179 37912741 62246700 35639724 53061386 -23696596 -32293338 37954850 38401331 -42875080 21002222 3
-2649460 -10638462 7452751 -8218294 1683868 -8650795 -7483856 -10126380 -7427281 5916136 11833401 -8806308 -9434641 13070690 -23368964 2
4758348 1971866 2454271 -2335008 -12373242 -7611553 -5251707 2621557 928236 2028923 903117 -7770624 -930141 -8864937 14176070 2
-1806176 -10701163 4495736 -10260483 -653640 -8648539 -9188439 -10134254 -11726420 16995773 5232321 -8578289 -9244000 12478353 -15067634 2
-17095061 -8705913 2849063 -4572503 -6815869 -8880628 -6062631 -7925299 -1851360 -1741519 3022525 -8864416 -8248607 1075487 -8515019 1
13546303 -10268597 -20271038 -11827444 -14234261 -8079162 -11029974 -10121793 -15074610 19166071 14486945 -7984362 -8997052 14981680 -8240952 2
-20471217 -10909565 -40446783 -12400243 -16576407 -8932377 -11624891 -11256084 -16343311 12920529 15620404 -8920982 -10162367 15353560 -16966082 0
-17732065 -7254459 1512312 -4569941 -8947791 -8589344 -6345726 -6610587 -2031167 3027888 3023876 -8498205 -7487470 -1105987 400198 1
9474468 -2476829 -2208097 -6057680 -16114232 -8119390 -7609681 -2144235 -4685559 4295006 4196608 -8166160 -4503056 -2968655 15461300 0
17098031 13151830 20517198 8842956 13642061 15597481 11065405 13867584 10941606 -23529019 -16437730 15675706 15584351 -18858956 13142585 3
10839853 -8516339 -14969616 -10398837 -17816153 -9152777 -10306203 -8256113 -12204635 11492114 10835968 -9100068 -8736787 8311607 17863300 0
-29476922 -9750260 -5068548 -8917967 -8696681 -9123224 -9071840 -9886662 -9203575 5275709 8112064 -9066627 -9854768 8265951 -14904156 1
11653990 -9957324 -20296342 -11290638 -15595611 -9020770 -10830360 -10408331 -13942959 13712737 12616766 -9086474 -9989910 12548659 16407348 0
-45728470 -10936042 -12419662 -11489172 -10181340 -8575425 -10654764 -11493716 -14280382 -203801 14687687 -8605301 -10508153 13876454 -25546757 1
-5990843 -10580107 6720603 -7320102 6448461 -8757236 -6947724 -11151218 -5670417 -6515960 10521835 -8802993 -10351404 11233760 -24292759 2
11419411 -4688476 -7239689 -8320573 -15828711 -8723192 -9044491 -4702479 -8421021 6895650 6750518 -8569042 -6313162 3033852 15235832 0
20585597 33842758 21288482 25594895 28798505 37096715 27763801 33620466 27228956 -17611249 -17054059 38899246 37053512 -37653938 19339850 3
15604297 -9662487 -10195445 -10164103 -10976586 -8742294 -9958218 -10222901 -11614737 30214240 11852573 -8698317 -9827312 9718474 -9271192 2
-29369535 -10621668 6315588 -6720711 586454 -8980406 -6613577 -11270412 -4412791 22489277 8559645 -8971723 -10647454 11216107 -24490888 1
9467749 -8370189 -5177854 -8519704 -10676070 -8096929 -8915064 -9011843 -8571639 6876476 8249973 -8043954 -8143432 6297401 1540760 2
5001133 -10219014 -5198115 -10779737 -8633974 -8584827 -10006324 -9962331 -12769457 5136078 11752709 -8673605 -8964308 13268340 -17402646 2
5654830 -6919784 -2937348 -7067761 -12259121 -8688427 -8089070 -7132265 -6179789 3920452 5456459 -8607074 -7620289 2226611 5516458 2
12283753 -7738409 -6654868 -8576563 -10897790 -8466165 -9077927 -8286119 -8644640 7512591 8318452 -8454772 -8351656 6659616 4756087 2
-41239912 -11013888 -35435871 -12284747 -15513886 -8894998 -11510518 -11432490 -16097236 -1927450 15686091 -8907364 -10331385 16113939 -21801248 0
6985956 -9128131 -15784329 -10533351 -17287477 -8843550 -10392016 -9238374 -12444912 12762918 11201153 -8823690 -9381251 9314758 16165277 0
6552713 -1139028 -2052714 -5933928 -15548245 -8413215 -7540181 -979659 -4484169 5558030 3970047 -8360683 -3699781 -2420998 18816646 0
9107092 -10088941 -21520367 -11258881 -15982327 -9054700 -10862930 -10233103 -13863491 14554864 13445823 -9061602 -10185766 12771068 15075809 0
4496691 -10297907 -2172757 -9724049 -6715137 -8624187 -9249100 -9705920 -10714953 8251786 11939179 -8654344 -9063197 11342924 -6434759 2
7911055 9493473 20418330 45086815 42942696 11784281 42378887 11150676 43588588 -23715040 -36467421 11266300 10942472 -22648588 8207432 3
16934035 21402586 21670767 54675212 50093733 22982304 54414867 22314135 48145637 -25580293 -35330713 22794186 23134270 -34939729 18544772 3
11883357 1391611 1778662 -2360384 -12795941 -8558698 -5456550 1156164 1066032 2328395 1464751 -8508665 -2058788 -8403617 15018927 0
19879042 37307734 21252185 45909341 33167182 38385119 45610234 37853764 40472659 -25720429 -28732011 38383067 38543598 -38750294 20668930 3
-3893040 -11001374 -6628908 -10834875 -6041347 -9063693 -10099706 -11559177 -12796457 -17644728 12687288 -9088561 -10910303 14256799 -20006425 2
-16827627 -11140666 13916977 -2083280 24541414 -8975434 -1725735 -11202473 4680228 10154833 9132592 -9035178 -10586647 10590128 -23791704 1
-2753388 -10741440 -11180269 -11388768 -8936308 -8841083 -10564229 -10702560 -14071653 16658509 14660353 -8885830 -9806467 14170558 -15000811 2
5898261 -10394142 -10185431 -11113632 -8546949 -8549820 -10389621 -11067796 -13439720 12071140 13222294 -8593937 -10539306 13644864 -9002642 2
11216585 -10008644 -28635858 -11736028 -18670749 -9307607 -11217175 -9995020 -14881441 14924337 13845377 -9241263 -10024326 15731393 18422044 0
-13874023 -10080433 3037571 -6658731 8082143 -8573999 -7057278 -10649316 -4489795 2666872 7358399 -8594158 -10146466 10571723 -17405035 1
3744326 -8507685 -6906847 -9023135 -9153955 -8469826 -9271217 -8745006 -9558836 8710673 8361118 -8372832 -8670118 6259765 6354941 2
-31063339 -11039670 18015142 5028207 38411168 -8890224 5877097 -11737500 18361049 -9250522 7170724 -8974944 -10888408 12023190 -26530376 1
-3569329 -10045882 6670938 -5976306 6781436 -8445374 -6091160 -10101847 -3445781 972441 6784749 -8579069 -9686796 8835097 -23305927 2
6407383 -10925431 -26067097 -12017850 -10339528 -8960090 -11240244 -11149699 -15478236 16962916 14377356 -8997554 -10394591 14812779 2431864 2
1738535 -10602723 -34141340 -12216776 -13766768 -8583255 -11468387 -11013484 -15907598 12814173 15470702 -8569143 -10291555 15860074 6357951 0
5693996 -10481329 -48217877 -12561830 -20140920 -8789613 -11773934 -10785018 -16702356 -11916178 15858322 -8738720 -10092570 18420846 -4975696 0
-21066736 -11270142 14675715 -4476671 20073140 -9002588 -3468068 -11737271 410943 4459347 11475075 -9013482 -11020089 13044587 -25568195 1
17832642 52420611 21288582 42589703 27444109 52510779 42899708 51472303 37105462 -26179052 -34390492 52321739 51844266 -44062866 21213320 3
-24601395 -6614081 5781593 -347763 -1007842 -8482128 -3375928 -6078015 4341870 1423189 -456623 -8607077 -7109650 -3412484 -14080770 1
9243905 -10397352 -37659476 -12334898 3020838 -8731187 -11562681 -10871726 -16168923 14337415 16316389 -8800997 -10242220 16477001 12148342 0
